<BeginHMM>
 <NumStates> 10 <VecSize> 14 <MFCC_E_0> <nullD> <diagC>
 <State> 2 <NumMixes> 1   
  <Mixture> 1 1.0
    <Mean> 14
      0.0 0.0 0.0 0.0 0.0 0.0 0.0 0.0 0.0 0.0 0.0 0.0 0.0 0.0
    <Variance> 14
      1.0 1.0 1.0 1.0 1.0 1.0 1.0 1.0 1.0 1.0 1.0 1.0 1.0 1.0 
 <State> 3 <NumMixes> 1   
  <Mixture> 1 1.0
    <Mean> 14
      0.0 0.0 0.0 0.0 0.0 0.0 0.0 0.0 0.0 0.0 0.0 0.0 0.0 0.0
    <Variance> 14
      1.0 1.0 1.0 1.0 1.0 1.0 1.0 1.0 1.0 1.0 1.0 1.0 1.0 1.0 
 <State> 4 <NumMixes> 1   
  <Mixture> 1 1.0
    <Mean> 14
      0.0 0.0 0.0 0.0 0.0 0.0 0.0 0.0 0.0 0.0 0.0 0.0 0.0 0.0
    <Variance> 14
      1.0 1.0 1.0 1.0 1.0 1.0 1.0 1.0 1.0 1.0 1.0 1.0 1.0 1.0 
 <State> 5 <NumMixes> 1   
  <Mixture> 1 1.0
    <Mean> 14
      0.0 0.0 0.0 0.0 0.0 0.0 0.0 0.0 0.0 0.0 0.0 0.0 0.0 0.0
    <Variance> 14
      1.0 1.0 1.0 1.0 1.0 1.0 1.0 1.0 1.0 1.0 1.0 1.0 1.0 1.0 
 <State> 6 <NumMixes> 1   
  <Mixture> 1 1.0
    <Mean> 14
      0.0 0.0 0.0 0.0 0.0 0.0 0.0 0.0 0.0 0.0 0.0 0.0 0.0 0.0
    <Variance> 14
      1.0 1.0 1.0 1.0 1.0 1.0 1.0 1.0 1.0 1.0 1.0 1.0 1.0 1.0 
 <State> 7 <NumMixes> 1   
  <Mixture> 1 1.0
    <Mean> 14
      0.0 0.0 0.0 0.0 0.0 0.0 0.0 0.0 0.0 0.0 0.0 0.0 0.0 0.0
    <Variance> 14
      1.0 1.0 1.0 1.0 1.0 1.0 1.0 1.0 1.0 1.0 1.0 1.0 1.0 1.0 
 <State> 8 <NumMixes> 1   
  <Mixture> 1 1.0
    <Mean> 14
      0.0 0.0 0.0 0.0 0.0 0.0 0.0 0.0 0.0 0.0 0.0 0.0 0.0 0.0
    <Variance> 14
      1.0 1.0 1.0 1.0 1.0 1.0 1.0 1.0 1.0 1.0 1.0 1.0 1.0 1.0 
 <State> 9 <NumMixes> 1   
  <Mixture> 1 1.0
    <Mean> 14
      0.0 0.0 0.0 0.0 0.0 0.0 0.0 0.0 0.0 0.0 0.0 0.0 0.0 0.0
    <Variance> 14
      1.0 1.0 1.0 1.0 1.0 1.0 1.0 1.0 1.0 1.0 1.0 1.0 1.0 1.0 
 <TransP> 10
  0.000e+0    1.000e+0    0.000e+0    0.000e+0    0.000e+0   0.000e+0  0.000e+0  0.000e+0  0.000e+0  0.000e+0  
  0.000e+0    6.000e-1    4.000e-1    0.000e+0    0.000e+0   0.000e+0  0.000e+0  0.000e+0  0.000e+0  0.000e+0
  0.000e+0    0.000e+0    6.000e-1    4.000e-1    0.000e+0   0.000e+0  0.000e+0  0.000e+0  0.000e+0  0.000e+0
  0.000e+0    0.000e+0    0.000e+0    6.000e-1    4.000e-1   0.000e+0  0.000e+0  0.000e+0  0.000e+0  0.000e+0
  0.000e+0    0.000e+0    0.000e+0    0.000e+0    6.000e-1   4.000e-1  0.000e+0  0.000e+0  0.000e+0  0.000e+0 
  0.000e+0    0.000e+0    0.000e+0    0.000e+0    0.000e+0   6.000e-1  4.000e-1  0.000e+0  0.000e+0  0.000e+0 
  0.000e+0    0.000e+0    0.000e+0    0.000e+0    0.000e+0   0.000e+0  6.000e-1  4.000e-1  0.000e+0  0.000e+0  
  0.000e+0    0.000e+0    0.000e+0    0.000e+0    0.000e+0   0.000e+0  0.000e+0  6.000e-1  4.000e-1  0.000e+0 
  0.000e+0    0.000e+0    0.000e+0    0.000e+0    0.000e+0   0.000e+0  0.000e+0  0.000e+0  9.000e-1  1.000e-1
  0.000e+0    0.000e+0    0.000e+0    0.000e+0    0.000e+0   0.000e+0  0.000e+0  0.000e+0  0.000e+0  0.000e+1
<EndHMM>

