<BeginHMM>
 <NumStates> 6 <VecSize> 15 <USER> <nullD> <diagC>
 <State> 2 <NumMixes> 1   
  <Mixture> 1 1.0
    <Mean> 15
      0.0 0.0 0.0 0.0 0.0 0.0 0.0 0.0 0.0 0.0 0.0 0.0 0.0 0.0 0.0
    <Variance> 15
      1.0 1.0 1.0 1.0 1.0 1.0 1.0 1.0 1.0 1.0 1.0 1.0 1.0 1.0 1.0
 <State> 3 <NumMixes> 1   
  <Mixture> 1 1.0
    <Mean> 15
      0.0 0.0 0.0 0.0 0.0 0.0 0.0 0.0 0.0 0.0 0.0 0.0 0.0 0.0 0.0
    <Variance> 15
      1.0 1.0 1.0 1.0 1.0 1.0 1.0 1.0 1.0 1.0 1.0 1.0 1.0 1.0 1.0
 <State> 4 <NumMixes> 1   
  <Mixture> 1 1.0
    <Mean> 15
      0.0 0.0 0.0 0.0 0.0 0.0 0.0 0.0 0.0 0.0 0.0 0.0 0.0 0.0 0.0
    <Variance> 15
      1.0 1.0 1.0 1.0 1.0 1.0 1.0 1.0 1.0 1.0 1.0 1.0 1.0 1.0 1.0
 <State> 5 <NumMixes> 1   
  <Mixture> 1 1.0
    <Mean> 15
      0.0 0.0 0.0 0.0 0.0 0.0 0.0 0.0 0.0 0.0 0.0 0.0 0.0 0.0 0.0
    <Variance> 15
      1.0 1.0 1.0 1.0 1.0 1.0 1.0 1.0 1.0 1.0 1.0 1.0 1.0 1.0 1.0
 <TransP> 6
  0.000e+0    1.000e+0    0.000e+0    0.000e+0    0.000e+0   0.000e+0
  0.000e+0    6.000e-1    4.000e-1    0.000e+0    0.000e+0   0.000e+0
  0.000e+0    0.000e+0    6.000e-1    4.000e-1    0.000e+0   0.000e+0
  0.000e+0    0.000e+0    0.000e+0    6.000e-1    4.000e-1   0.000e+0 
  0.000e+0    0.000e+0    0.000e+0    0.000e+0    9.000e-1   1.000e-1  
  0.000e+0    0.000e+0    0.000e+0    0.000e+0    0.000e+0   0.000e+1
<EndHMM>


